00 30 16 23 08 -01 -01 -01 16 -01 06 12 35 31 -01 07 15 -01 -01 34 31 07 15 -01 21 32 19 10 28 13 -01 20 14 23 -01 11 18 09 -01 26 -01 -01 27 -01 11 08 29 32 22 33 21 13 -01 13 -01 09 -01 35 14 20 24 22 -01 15 -01 -01 30 -01 24 35 -01 -01 35 35 24 11 34 09 20 18 34 
30 00 16 34 -01 -01 10 33 20 35 11 14 -01 32 35 29 20 -01 15 06 29 25 27 12 -01 11 27 20 10 32 16 08 -01 35 -01 27 30 -01 19 26 15 32 31 14 -01 10 32 33 19 26 -01 13 17 12 15 08 13 29 -01 34 34 10 10 -01 26 31 12 06 23 13 -01 16 -01 18 35 32 09 09 19 11 33 
16 16 00 -01 -01 31 25 22 17 08 30 22 30 -01 15 -01 -01 32 07 23 -01 23 07 -01 32 28 06 22 19 14 16 -01 21 -01 -01 34 -01 34 24 34 -01 32 28 35 10 -01 27 24 21 -01 07 21 10 24 12 14 08 -01 35 33 17 15 18 20 17 -01 28 -01 13 12 31 17 15 18 23 15 17 22 29 28 -01 
23 34 -01 00 -01 26 13 -01 30 -01 30 09 19 11 12 34 -01 -01 16 -01 35 -01 -01 -01 30 -01 08 21 09 23 -01 11 13 32 -01 09 31 -01 -01 11 12 33 09 19 34 -01 21 11 -01 17 11 23 06 -01 -01 33 34 -01 18 06 30 35 10 07 26 26 -01 24 27 -01 32 19 30 29 28 32 34 25 14 17 06 
08 -01 -01 -01 00 22 15 17 -01 08 16 33 08 20 18 -01 35 17 23 19 -01 27 09 15 34 12 -01 29 14 22 -01 -01 08 35 28 23 09 06 29 28 06 -01 20 32 23 -01 24 34 14 29 34 27 17 28 -01 21 -01 29 34 21 24 33 -01 18 09 -01 -01 14 -01 28 35 -01 -01 28 27 08 17 31 17 15 33 
-01 -01 31 26 22 00 -01 28 15 13 21 22 26 31 29 32 35 16 -01 06 -01 14 32 14 21 13 27 -01 30 -01 21 27 35 24 19 -01 17 24 -01 21 21 34 07 -01 32 33 31 -01 -01 24 25 18 16 -01 22 -01 09 24 18 21 22 34 24 09 26 -01 06 29 06 35 -01 11 34 -01 18 20 08 16 33 -01 24 
-01 10 25 13 15 -01 00 -01 09 -01 -01 31 08 15 23 19 31 -01 -01 34 11 -01 15 28 -01 31 10 16 35 10 09 -01 21 07 26 33 29 34 18 09 26 09 28 -01 13 -01 -01 -01 17 13 31 26 -01 34 30 22 -01 11 34 32 19 35 09 17 12 29 17 26 -01 24 08 28 15 11 -01 07 10 22 21 29 26 
-01 33 22 -01 17 28 -01 00 25 27 07 10 -01 -01 31 35 35 35 35 16 28 19 34 16 19 34 18 -01 -01 14 07 24 -01 31 29 30 09 29 07 -01 -01 25 12 28 21 19 30 16 17 21 25 -01 35 -01 21 -01 31 -01 17 -01 -01 25 30 -01 22 -01 34 26 -01 28 -01 18 -01 34 25 30 26 -01 10 34 25 
16 20 17 30 -01 15 09 25 00 27 07 09 -01 08 -01 27 08 28 12 26 -01 35 -01 25 -01 20 09 34 17 -01 32 34 07 -01 34 -01 -01 24 32 24 -01 11 26 -01 34 18 33 29 27 16 14 17 12 07 25 28 19 30 33 -01 27 08 22 19 25 11 08 21 12 24 16 10 -01 06 15 20 32 13 22 -01 30 
-01 35 08 -01 08 13 -01 27 27 00 28 18 19 26 -01 11 11 12 08 31 22 10 10 14 30 34 -01 32 -01 -01 12 28 16 17 -01 27 14 22 16 13 24 13 -01 -01 31 -01 08 14 -01 -01 -01 09 -01 12 -01 07 27 08 15 -01 06 25 14 17 17 21 10 -01 22 08 28 -01 07 31 35 19 -01 32 15 25 18 
06 11 30 30 16 21 -01 07 07 28 00 32 20 28 17 13 10 17 15 11 10 34 34 -01 -01 -01 19 13 10 10 06 15 34 18 10 19 -01 -01 30 08 -01 35 29 17 32 07 22 -01 12 14 32 11 -01 13 32 07 30 -01 26 12 -01 13 33 08 17 23 22 18 07 28 -01 19 35 26 19 -01 -01 32 -01 08 07 
12 14 22 09 33 22 31 10 09 18 32 00 34 09 10 11 10 06 35 33 29 13 35 -01 -01 19 16 11 27 14 30 -01 27 09 32 16 24 -01 34 32 26 16 26 14 11 17 21 12 07 33 -01 10 08 25 -01 16 29 34 30 16 -01 19 21 15 12 34 28 08 29 22 14 07 19 15 19 11 28 35 20 31 -01 
35 -01 30 19 08 26 08 -01 -01 19 20 34 00 -01 21 12 24 26 10 14 -01 -01 -01 08 08 24 -01 25 25 19 32 -01 -01 10 19 -01 -01 -01 33 32 -01 18 30 11 26 24 22 12 30 34 -01 07 -01 07 26 -01 35 -01 24 -01 30 08 -01 17 18 27 10 35 -01 -01 -01 32 -01 -01 19 18 -01 -01 27 33 17 
31 32 -01 11 20 31 15 -01 08 26 28 09 -01 00 17 -01 27 28 -01 30 -01 13 09 29 -01 28 22 -01 23 19 08 32 25 29 10 16 10 -01 29 -01 -01 -01 34 34 12 -01 19 -01 10 -01 18 -01 34 29 09 24 30 -01 34 -01 10 19 -01 18 23 20 15 20 13 27 24 29 -01 10 07 20 -01 21 26 25 28 
-01 35 15 12 18 29 23 31 -01 -01 17 10 21 17 00 -01 10 31 10 07 -01 23 33 -01 24 13 35 16 -01 -01 32 32 34 22 24 19 33 21 18 25 27 20 -01 -01 -01 33 11 08 17 16 14 -01 06 14 33 -01 15 -01 19 18 -01 12 30 31 24 -01 34 11 21 -01 10 16 15 28 -01 26 -01 10 32 08 12 
07 29 -01 34 -01 32 19 35 27 11 13 11 12 -01 -01 00 -01 -01 15 -01 11 29 35 30 -01 -01 25 -01 19 22 29 -01 -01 08 08 08 15 -01 23 15 09 35 33 13 06 12 29 -01 19 29 -01 20 -01 -01 29 35 31 28 -01 31 15 06 17 12 -01 32 -01 29 27 -01 13 35 16 32 30 31 26 30 30 -01 17 
15 20 -01 -01 35 35 31 35 08 11 10 10 24 27 10 -01 00 29 14 -01 30 24 -01 09 34 13 16 14 -01 23 -01 27 32 16 32 24 19 26 20 14 24 -01 24 35 08 09 12 12 34 14 12 -01 -01 14 -01 -01 23 -01 20 32 35 -01 08 33 14 29 -01 33 -01 -01 21 -01 07 -01 20 22 19 33 25 15 13 
-01 -01 32 -01 17 16 -01 35 28 12 17 06 26 28 31 -01 29 00 16 19 -01 35 33 -01 10 21 34 13 18 23 -01 11 30 22 -01 08 35 18 -01 21 10 23 32 11 20 -01 22 08 34 -01 13 25 11 25 27 06 -01 22 13 33 -01 25 14 32 30 24 16 11 20 34 21 28 30 19 16 29 -01 28 19 -01 14 
-01 15 07 16 23 -01 -01 35 12 08 15 35 10 -01 10 15 14 16 00 27 34 33 34 30 -01 -01 14 17 -01 14 18 18 -01 -01 -01 23 25 16 25 30 31 18 33 25 -01 06 08 27 31 32 14 33 22 17 08 11 -01 33 16 -01 16 33 06 08 20 -01 13 09 14 14 15 27 11 12 32 11 17 34 17 21 23 
34 06 23 -01 19 06 34 16 26 31 11 33 14 30 07 -01 -01 19 27 00 09 10 30 07 16 14 27 -01 34 12 30 -01 -01 18 30 26 29 -01 16 27 17 28 19 35 21 28 30 28 27 16 -01 28 06 17 22 22 -01 14 -01 19 35 27 -01 33 07 31 07 06 16 20 34 35 -01 19 34 29 25 15 28 25 19 
31 29 -01 35 -01 -01 11 28 -01 22 10 29 -01 -01 -01 11 30 -01 34 09 00 29 13 06 23 19 23 34 29 15 -01 06 24 33 -01 -01 34 12 28 -01 10 28 21 33 20 -01 -01 32 07 08 14 31 -01 16 33 25 12 31 10 06 -01 26 09 10 -01 13 -01 33 10 -01 24 06 -01 12 12 -01 -01 14 -01 27 06 
07 25 23 -01 27 14 -01 19 35 10 34 13 -01 13 23 29 24 35 33 10 29 00 15 22 13 -01 21 -01 29 29 -01 18 -01 -01 34 22 -01 32 32 24 21 32 30 32 27 19 09 18 16 -01 30 22 -01 -01 28 07 30 -01 32 -01 -01 31 13 -01 27 16 34 10 -01 08 10 24 15 15 -01 30 33 25 -01 30 -01 
15 27 07 -01 09 32 15 34 -01 10 34 35 -01 09 33 35 -01 33 34 30 13 15 00 23 20 23 -01 22 15 35 -01 19 08 10 -01 -01 11 26 22 31 20 35 20 25 07 20 -01 28 -01 30 -01 06 18 09 09 08 27 14 30 12 -01 13 35 20 21 32 11 06 10 06 -01 31 -01 07 33 14 -01 29 35 19 26 
-01 12 -01 -01 15 14 28 16 25 14 -01 -01 08 29 -01 30 09 -01 30 07 06 22 23 00 -01 33 23 13 33 27 -01 -01 29 22 -01 32 18 10 -01 14 -01 11 23 20 26 -01 14 09 25 -01 08 -01 35 -01 27 -01 -01 -01 25 14 21 -01 27 09 25 -01 -01 11 34 33 22 34 -01 09 28 18 20 -01 -01 07 29 
21 -01 32 30 34 21 -01 19 -01 30 -01 -01 08 -01 24 -01 34 10 -01 16 23 13 20 -01 00 35 16 16 20 21 -01 12 -01 -01 08 -01 06 06 35 26 -01 -01 07 -01 -01 11 34 11 -01 31 -01 33 19 -01 -01 13 10 34 34 34 30 -01 -01 29 09 06 10 -01 12 10 28 20 -01 06 28 -01 -01 33 32 31 11 
32 11 28 -01 12 13 31 34 20 34 -01 19 24 28 13 -01 13 21 -01 14 19 -01 23 33 35 00 26 19 17 11 12 -01 -01 34 11 -01 -01 29 08 28 11 06 22 12 06 20 -01 29 -01 14 -01 23 -01 -01 09 -01 07 21 17 33 19 20 14 34 33 15 -01 19 13 -01 29 -01 08 -01 24 29 07 -01 12 -01 15 
19 27 06 08 -01 27 10 18 09 -01 19 16 -01 22 35 25 16 34 14 27 23 21 -01 23 16 26 00 08 34 -01 25 -01 30 30 06 29 20 11 20 32 23 -01 27 09 -01 09 10 -01 23 34 18 -01 06 -01 29 17 16 34 20 20 22 20 -01 33 20 -01 -01 22 12 -01 07 12 17 -01 15 17 07 -01 26 19 06 
10 20 22 21 29 -01 16 -01 34 32 13 11 25 -01 16 -01 14 13 17 -01 34 -01 22 13 16 19 08 00 18 16 23 29 32 29 -01 -01 32 27 -01 -01 25 -01 15 -01 14 -01 12 -01 12 09 10 30 19 19 24 33 08 23 26 07 -01 07 11 26 -01 26 32 15 -01 12 22 26 06 23 21 -01 25 14 20 32 -01 
28 10 19 09 14 30 35 -01 17 -01 10 27 25 23 -01 19 -01 18 -01 34 29 29 15 33 20 17 34 18 00 24 28 29 30 15 31 17 -01 -01 16 29 35 32 19 -01 21 09 16 14 13 -01 34 -01 31 -01 -01 -01 13 10 10 09 34 18 -01 29 14 12 -01 13 -01 33 19 25 09 31 24 12 28 08 -01 15 30 
13 32 14 23 22 -01 10 14 -01 -01 10 14 19 19 -01 22 23 23 14 12 15 29 35 27 21 11 -01 16 24 00 22 -01 -01 21 06 23 -01 13 26 19 30 23 27 -01 34 13 13 29 08 33 22 24 30 07 32 -01 14 30 20 13 31 -01 26 27 -01 11 28 -01 -01 16 24 -01 28 25 33 25 23 33 10 17 -01 
-01 16 16 -01 -01 21 09 07 32 12 06 30 32 08 32 29 -01 -01 18 30 -01 -01 -01 -01 -01 12 25 23 28 22 00 -01 -01 -01 33 16 13 -01 32 35 31 -01 20 11 19 14 20 -01 07 14 27 -01 20 31 18 10 31 18 21 -01 -01 16 32 27 -01 10 15 12 26 -01 33 -01 26 21 -01 24 06 15 22 -01 12 
20 08 -01 11 -01 27 -01 24 34 28 15 -01 -01 32 32 -01 27 11 18 -01 06 18 19 -01 12 -01 -01 29 29 -01 -01 00 34 23 -01 -01 -01 27 -01 -01 15 -01 25 15 17 31 20 07 -01 30 29 12 28 -01 15 -01 -01 11 10 -01 16 33 11 -01 24 08 17 34 16 15 31 06 15 17 -01 33 07 14 -01 18 09 
14 -01 21 13 08 35 21 -01 07 16 34 27 -01 25 34 -01 32 30 -01 -01 24 -01 08 29 -01 -01 30 32 30 -01 -01 34 00 -01 31 24 29 23 -01 -01 -01 20 16 -01 19 35 08 27 06 -01 -01 13 17 09 06 -01 27 09 33 29 -01 19 10 35 09 20 32 26 20 34 28 16 -01 33 27 -01 06 -01 33 -01 27 
23 35 -01 32 35 24 07 31 -01 17 18 09 10 29 22 08 16 22 -01 18 33 -01 10 22 -01 34 30 29 15 21 -01 23 -01 00 -01 33 35 27 -01 -01 -01 -01 -01 25 34 07 13 24 -01 13 13 15 35 -01 34 22 -01 29 25 12 32 10 -01 -01 -01 31 11 21 -01 15 17 34 12 29 15 -01 32 24 17 22 23 
-01 -01 -01 -01 28 19 26 29 34 -01 10 32 19 10 24 08 32 -01 -01 30 -01 34 -01 -01 08 11 06 -01 31 06 33 -01 31 -01 00 -01 -01 -01 -01 10 08 30 22 11 16 19 33 12 34 29 10 06 -01 35 17 08 06 -01 26 21 15 -01 -01 -01 -01 34 -01 25 -01 -01 27 22 -01 21 27 34 11 09 18 13 17 
11 27 34 09 23 -01 33 30 -01 27 19 16 -01 16 19 08 24 08 23 26 -01 22 -01 32 -01 -01 29 -01 17 23 16 -01 24 33 -01 00 -01 -01 19 -01 23 -01 17 -01 11 10 -01 19 -01 30 -01 13 33 15 25 18 -01 12 17 -01 -01 -01 22 -01 -01 18 19 18 31 -01 23 14 09 -01 13 33 -01 10 23 25 14 
18 30 -01 31 09 17 29 09 -01 14 -01 24 -01 10 33 15 19 35 25 29 34 -01 11 18 06 -01 20 32 -01 -01 13 -01 29 35 -01 -01 00 -01 13 -01 16 34 16 -01 20 13 -01 18 -01 06 26 12 -01 -01 -01 31 28 22 -01 -01 31 35 -01 -01 33 10 14 12 -01 -01 18 14 -01 30 10 17 31 13 16 -01 21 
09 -01 34 -01 06 24 34 29 24 22 -01 -01 -01 -01 21 -01 26 18 16 -01 12 32 26 10 06 29 11 27 -01 13 -01 27 23 27 -01 -01 -01 00 07 30 29 07 34 16 19 -01 -01 27 06 -01 -01 22 12 -01 -01 25 25 27 22 19 20 28 11 06 -01 12 -01 24 32 20 -01 -01 -01 28 -01 -01 06 07 09 18 14 
-01 19 24 -01 29 -01 18 07 32 16 30 34 33 29 18 23 20 -01 25 16 28 32 22 -01 35 08 20 -01 16 26 32 -01 -01 -01 -01 19 13 07 00 07 12 12 12 35 06 11 13 15 19 27 24 -01 -01 35 -01 25 29 11 12 23 -01 -01 09 -01 31 21 25 -01 -01 18 23 25 -01 23 08 16 12 35 07 28 12 
26 26 34 11 28 21 09 -01 24 13 08 32 32 -01 25 15 14 21 30 27 -01 24 31 14 26 28 32 -01 29 19 35 -01 -01 -01 10 -01 -01 30 07 00 24 11 21 -01 19 -01 30 30 21 10 -01 17 29 21 27 35 25 22 -01 -01 27 30 20 25 33 -01 10 08 19 06 35 27 25 23 30 33 11 25 07 11 34 
-01 15 -01 12 06 21 26 -01 -01 24 -01 26 -01 -01 27 09 24 10 31 17 10 21 20 -01 -01 11 23 25 35 30 31 15 -01 -01 08 23 16 29 12 24 00 21 19 22 -01 09 -01 22 11 -01 31 -01 -01 07 31 -01 26 28 -01 09 08 14 29 -01 13 19 11 -01 30 22 12 -01 -01 -01 32 33 09 -01 25 08 20 
-01 32 32 33 -01 34 09 25 11 13 35 16 18 -01 20 35 -01 23 18 28 28 32 35 11 -01 06 -01 -01 32 23 -01 -01 20 -01 30 -01 34 07 12 11 21 00 33 11 15 20 09 06 -01 07 -01 13 16 -01 17 32 28 -01 -01 07 -01 13 22 24 30 -01 15 35 21 35 -01 -01 09 -01 21 07 08 25 29 -01 20 
27 31 28 09 20 07 28 12 26 -01 29 26 30 34 -01 33 24 32 33 19 21 30 20 23 07 22 27 15 19 27 20 25 16 -01 22 17 16 34 12 21 19 33 00 21 17 26 -01 -01 26 27 -01 -01 12 23 35 31 06 15 12 09 27 18 28 29 27 33 31 15 06 -01 21 -01 23 -01 -01 20 20 -01 26 11 15 
-01 14 35 19 32 -01 -01 28 -01 -01 17 14 11 34 -01 13 35 11 25 35 33 32 25 20 -01 12 09 -01 -01 -01 11 15 -01 25 11 -01 -01 16 35 -01 22 11 21 00 17 28 -01 -01 08 35 09 06 08 -01 14 -01 16 06 -01 -01 21 13 26 -01 -01 25 26 07 20 06 16 -01 29 24 32 21 -01 27 34 -01 10 
11 -01 10 34 23 32 13 21 34 31 32 11 26 12 -01 06 08 20 -01 21 20 27 07 26 -01 06 -01 14 21 34 19 17 19 34 16 11 20 19 06 19 -01 15 17 17 00 -01 14 -01 15 26 11 -01 16 25 -01 33 27 -01 23 16 20 25 19 11 15 19 31 -01 12 -01 25 11 07 08 -01 25 -01 35 27 31 06 
08 10 -01 -01 -01 33 -01 19 18 -01 07 17 24 -01 33 12 09 -01 06 28 -01 19 20 -01 11 20 09 -01 09 13 14 31 35 07 19 10 13 -01 11 -01 09 20 26 28 -01 00 27 21 -01 13 17 -01 28 18 10 15 -01 11 18 -01 11 19 22 15 -01 -01 33 -01 11 30 26 18 15 -01 -01 15 30 -01 21 14 30 
29 32 27 21 24 31 -01 30 33 08 22 21 22 19 11 29 12 22 08 30 -01 09 -01 14 34 -01 10 12 16 13 20 20 08 13 33 -01 -01 -01 13 30 -01 09 -01 -01 14 27 00 29 31 -01 -01 25 06 34 -01 -01 -01 12 26 32 18 12 21 -01 14 34 16 -01 -01 31 17 -01 24 -01 17 28 15 32 16 15 12 
32 33 24 11 34 -01 -01 16 29 14 -01 12 12 -01 08 -01 12 08 27 28 32 18 28 09 11 29 -01 -01 14 29 -01 07 27 24 12 19 18 27 15 30 22 06 -01 -01 -01 21 29 00 29 24 16 34 29 07 16 14 12 18 -01 33 10 -01 28 09 32 24 -01 -01 24 13 21 24 32 34 15 27 35 -01 31 20 -01 
22 19 21 -01 14 -01 17 17 27 -01 12 07 30 10 17 19 34 34 31 27 07 16 -01 25 -01 -01 23 12 13 08 07 -01 06 -01 34 -01 -01 06 19 21 11 -01 26 08 15 -01 31 29 00 25 16 35 07 -01 18 30 30 32 32 -01 35 06 -01 19 22 11 -01 -01 -01 34 23 -01 19 30 32 -01 30 -01 34 31 -01 
33 26 -01 17 29 24 13 21 16 -01 14 33 34 -01 16 29 14 -01 32 16 08 -01 30 -01 31 14 34 09 -01 33 14 30 -01 13 29 30 06 -01 27 10 -01 07 27 35 26 13 -01 24 25 00 17 -01 11 22 21 16 25 28 28 07 -01 32 -01 09 -01 24 10 24 33 20 16 24 26 -01 -01 24 12 -01 26 21 18 
21 -01 07 11 34 25 31 25 14 -01 32 -01 -01 18 14 -01 12 13 14 -01 14 30 -01 08 -01 -01 18 10 34 22 27 29 -01 13 10 -01 26 -01 24 -01 31 -01 -01 09 11 17 -01 16 16 17 00 12 19 -01 34 16 27 -01 16 -01 -01 32 27 -01 09 21 23 12 29 -01 21 13 32 -01 16 27 26 29 31 -01 29 
13 13 21 23 27 18 26 -01 17 09 11 10 07 -01 -01 20 -01 25 33 28 31 22 06 -01 33 23 -01 30 -01 24 -01 12 13 15 06 13 12 22 -01 17 -01 13 -01 06 -01 -01 25 34 35 -01 12 00 -01 -01 09 -01 -01 25 -01 08 21 23 -01 35 21 24 27 -01 25 28 26 -01 -01 -01 -01 12 11 -01 24 33 31 
-01 17 10 06 17 16 -01 35 12 -01 -01 08 -01 34 06 -01 -01 11 22 06 -01 -01 18 35 19 -01 06 19 31 30 20 28 17 35 -01 33 -01 12 -01 29 -01 16 12 08 16 28 06 29 07 11 19 -01 00 -01 -01 -01 34 15 10 29 35 21 -01 21 06 20 14 25 27 06 -01 17 10 33 -01 31 19 22 24 19 34 
13 12 24 -01 28 -01 34 -01 07 12 13 25 07 29 14 -01 14 25 17 17 16 -01 09 -01 -01 -01 -01 19 -01 07 31 -01 09 -01 35 15 -01 -01 35 21 07 -01 23 -01 25 18 34 07 -01 22 -01 -01 -01 00 07 -01 12 19 23 06 12 -01 16 -01 22 08 29 14 -01 07 17 16 -01 15 14 -01 -01 09 -01 19 09 
-01 15 12 -01 -01 22 30 21 25 -01 32 -01 26 09 33 29 -01 27 08 22 33 28 09 27 -01 09 29 24 -01 32 18 15 06 34 17 25 -01 -01 -01 27 31 17 35 14 -01 10 -01 16 18 21 34 09 -01 07 00 -01 09 -01 22 26 35 12 -01 -01 -01 33 -01 25 25 18 -01 -01 10 32 -01 08 -01 30 24 31 17 
09 08 14 33 21 -01 22 -01 28 07 07 16 -01 24 -01 35 -01 06 11 22 25 07 08 -01 13 -01 17 33 -01 -01 10 -01 -01 22 08 18 31 25 25 35 -01 32 31 -01 33 15 -01 14 30 16 16 -01 -01 -01 -01 00 16 07 -01 -01 28 17 10 23 26 -01 31 33 31 09 08 19 13 -01 -01 -01 18 35 -01 32 -01 
-01 13 08 34 -01 09 -01 31 19 27 30 29 35 30 15 31 23 -01 -01 -01 12 30 27 -01 10 07 16 08 13 14 31 -01 27 -01 06 -01 28 25 29 25 26 28 06 16 27 -01 -01 12 30 25 27 -01 34 12 09 16 00 27 34 17 13 26 27 27 29 11 35 35 -01 35 24 06 -01 -01 -01 31 10 -01 -01 -01 20 
35 29 -01 -01 29 24 11 -01 30 08 -01 34 -01 -01 -01 28 -01 22 33 14 31 -01 14 -01 34 21 34 23 10 30 18 11 09 29 -01 12 22 27 11 22 28 -01 15 06 -01 11 12 18 32 28 -01 25 15 19 -01 07 27 00 -01 22 -01 26 34 07 28 29 23 34 -01 13 -01 21 32 15 24 34 -01 08 -01 17 28 
14 -01 35 18 34 18 34 17 33 15 26 30 24 34 19 -01 20 13 16 -01 10 32 30 25 34 17 20 26 10 20 21 10 33 25 26 17 -01 22 12 -01 -01 -01 12 -01 23 18 26 -01 32 28 16 -01 10 23 22 -01 34 -01 00 24 -01 -01 -01 34 -01 22 13 -01 12 19 -01 23 -01 23 15 21 26 35 19 18 10 
20 34 33 06 21 21 32 -01 -01 -01 12 16 -01 -01 18 31 32 33 -01 19 06 -01 12 14 34 33 20 07 09 13 -01 -01 29 12 21 -01 -01 19 23 -01 09 07 09 -01 16 -01 32 33 -01 07 -01 08 29 06 26 -01 17 22 24 00 14 33 21 28 33 14 -01 22 -01 26 07 29 33 17 22 29 20 30 -01 34 20 
24 34 17 30 24 22 19 -01 27 06 -01 -01 30 10 -01 15 35 -01 16 35 -01 -01 -01 21 30 19 22 -01 34 31 -01 16 -01 32 15 -01 31 20 -01 27 08 -01 27 21 20 11 18 10 35 -01 -01 21 35 12 35 28 13 -01 -01 14 00 29 30 -01 -01 -01 26 31 28 -01 16 35 18 -01 -01 -01 27 30 14 29 -01 
22 10 15 35 33 34 35 25 08 25 13 19 08 19 12 06 -01 25 33 27 26 31 13 -01 -01 20 20 07 18 -01 16 33 19 10 -01 -01 35 28 -01 30 14 13 18 13 25 19 12 -01 06 32 32 23 21 -01 12 17 26 26 -01 33 29 00 11 14 34 -01 18 25 -01 -01 31 06 25 20 -01 13 27 -01 17 15 -01 
-01 10 18 10 -01 24 09 30 22 14 33 21 -01 -01 30 17 08 14 06 -01 09 13 35 27 -01 14 -01 11 -01 26 32 11 10 -01 -01 22 -01 11 09 20 29 22 28 26 19 22 21 28 -01 -01 27 -01 -01 16 -01 10 27 34 -01 21 30 11 00 26 -01 08 08 28 35 21 -01 19 17 29 35 06 27 22 20 35 22 
15 -01 20 07 18 09 17 -01 19 17 08 15 17 18 31 12 33 32 08 33 10 -01 20 09 29 34 33 26 29 27 27 -01 35 -01 -01 -01 -01 06 -01 25 -01 24 29 -01 11 15 -01 09 19 09 -01 35 21 -01 -01 23 27 07 34 28 -01 14 26 00 18 -01 17 18 -01 -01 13 27 35 15 26 11 07 -01 16 22 13 
-01 26 17 26 09 26 12 22 25 17 17 12 18 23 24 -01 14 30 20 07 -01 27 21 25 09 33 20 -01 14 -01 -01 24 09 -01 -01 -01 33 -01 31 33 13 30 27 -01 15 -01 14 32 22 -01 09 21 06 22 -01 26 29 28 -01 33 -01 34 -01 18 00 06 35 15 10 -01 17 34 29 06 22 -01 -01 15 17 17 24 
-01 31 -01 26 -01 -01 29 -01 11 21 23 34 27 20 -01 32 29 24 -01 31 13 16 32 -01 06 15 -01 26 12 11 10 08 20 31 34 18 10 12 21 -01 19 -01 33 25 19 -01 34 24 11 24 21 24 20 08 33 -01 11 29 22 14 -01 -01 08 -01 06 00 -01 -01 19 18 -01 -01 26 14 -01 26 -01 27 -01 29 09 
30 12 28 -01 -01 06 17 34 08 10 22 28 10 15 34 -01 -01 16 13 07 -01 34 11 -01 10 -01 -01 32 -01 28 15 17 32 11 -01 19 14 -01 25 10 11 15 31 26 31 33 16 -01 -01 10 23 27 14 29 -01 31 35 23 13 -01 26 18 08 17 35 -01 00 20 -01 -01 33 34 21 06 21 10 21 13 32 06 24 
-01 06 -01 24 14 29 26 26 21 -01 18 08 35 20 11 29 33 11 09 06 33 10 06 11 -01 19 22 15 13 -01 12 34 26 21 25 18 12 24 -01 08 -01 35 15 07 -01 -01 -01 -01 -01 24 12 -01 25 14 25 33 35 34 -01 22 31 25 28 18 15 -01 20 00 06 -01 -01 30 08 35 17 12 -01 27 25 33 35 
24 23 13 27 -01 06 -01 -01 12 22 07 29 -01 13 21 27 -01 20 14 16 10 -01 10 34 12 13 12 -01 -01 -01 26 16 20 -01 -01 31 -01 32 -01 19 30 21 06 20 12 11 -01 24 -01 33 29 25 27 -01 25 31 -01 -01 12 -01 28 -01 35 -01 10 19 -01 06 00 27 06 -01 08 07 08 -01 33 08 16 24 18 
35 13 12 -01 28 35 24 28 24 08 28 22 -01 27 -01 -01 -01 34 14 20 -01 08 06 33 10 -01 -01 12 33 16 -01 15 34 15 -01 -01 -01 20 18 06 22 35 -01 06 -01 30 31 13 34 20 -01 28 06 07 18 09 35 13 19 26 -01 -01 21 -01 -01 18 -01 -01 27 00 -01 23 -01 10 -01 17 11 -01 20 30 26 
-01 -01 31 32 35 -01 08 -01 16 28 -01 14 -01 24 10 13 21 21 15 34 24 10 -01 22 28 29 07 22 19 24 33 31 28 17 27 23 18 -01 23 35 12 -01 21 16 25 26 17 21 23 16 21 26 -01 17 -01 08 24 -01 -01 07 16 31 -01 13 17 -01 33 -01 06 -01 00 18 27 09 29 25 24 -01 -01 11 32 
-01 16 17 19 -01 11 28 18 10 -01 19 07 32 29 16 35 -01 28 27 35 06 24 31 34 20 -01 12 26 25 -01 -01 06 16 34 22 14 14 -01 25 27 -01 -01 -01 -01 11 18 -01 24 -01 24 13 -01 17 16 -01 19 06 21 23 29 35 06 19 27 34 -01 34 30 -01 23 18 00 35 34 26 18 22 13 33 06 34 
35 -01 15 30 -01 34 15 -01 -01 07 35 19 -01 -01 15 16 07 30 11 -01 -01 15 -01 -01 -01 08 17 06 09 28 26 15 -01 12 -01 09 -01 -01 -01 25 -01 09 23 29 07 15 24 32 19 26 32 -01 10 -01 10 13 -01 32 -01 33 18 25 17 35 29 26 21 08 08 -01 27 35 00 16 19 12 -01 19 20 -01 14 
35 18 18 29 28 -01 11 34 06 31 26 15 -01 10 28 32 -01 19 12 19 12 15 07 09 06 -01 -01 23 31 25 21 17 33 29 21 -01 30 28 23 23 -01 -01 -01 24 08 -01 -01 34 30 -01 -01 -01 33 15 32 -01 -01 15 23 17 -01 20 29 15 06 14 06 35 07 10 09 34 16 00 25 23 -01 07 -01 07 -01 
24 35 23 28 27 18 -01 25 15 35 19 19 19 07 -01 30 20 16 32 34 12 -01 33 28 28 24 15 21 24 33 -01 -01 27 15 27 13 10 -01 08 30 32 21 -01 32 -01 -01 17 15 32 -01 16 -01 -01 14 -01 -01 -01 24 15 22 -01 -01 35 26 22 -01 21 17 08 -01 29 26 19 25 00 -01 27 -01 -01 11 -01 
11 32 15 32 08 20 07 30 20 19 -01 11 18 20 26 31 22 29 11 29 -01 30 14 18 -01 29 17 -01 12 25 24 33 -01 -01 34 33 17 -01 16 33 33 07 20 21 25 15 28 27 -01 24 27 12 31 -01 08 -01 31 34 21 29 -01 13 06 11 -01 26 10 12 -01 17 25 18 12 23 -01 00 20 16 19 -01 31 
34 09 17 34 17 08 10 26 32 -01 -01 28 -01 -01 -01 26 19 -01 17 25 -01 33 -01 20 -01 07 07 25 28 23 06 07 06 32 11 -01 31 06 12 11 09 08 20 -01 -01 30 15 35 30 12 26 11 19 -01 -01 18 10 -01 26 20 27 27 27 07 -01 -01 21 -01 33 11 24 22 -01 -01 27 20 00 -01 34 09 -01 
09 09 22 25 31 16 22 -01 13 32 32 35 -01 21 10 30 33 28 34 15 14 25 29 -01 33 -01 -01 14 08 33 15 14 -01 24 09 10 13 07 35 25 -01 25 -01 27 35 -01 32 -01 -01 -01 29 -01 22 09 30 35 -01 08 35 30 30 -01 22 -01 15 27 13 27 08 -01 -01 13 19 07 -01 16 -01 00 32 11 34 
20 19 29 14 17 33 21 10 22 15 -01 20 27 26 32 30 25 19 17 28 -01 -01 35 -01 32 12 26 20 -01 10 22 -01 33 17 18 23 16 09 07 07 25 29 26 34 27 21 16 31 34 26 31 24 24 -01 24 -01 -01 -01 19 -01 14 17 20 16 17 -01 32 25 16 20 -01 33 20 -01 -01 19 34 32 00 26 20 
18 11 28 17 15 -01 29 34 -01 25 08 31 33 25 08 -01 15 -01 21 25 27 30 19 07 31 -01 19 32 15 17 -01 18 -01 22 13 25 -01 18 28 11 08 -01 11 -01 31 14 15 20 31 21 -01 33 19 19 31 32 -01 17 18 34 29 15 35 22 17 29 06 33 24 30 11 06 -01 07 11 -01 09 11 26 00 -01 
34 33 -01 06 33 24 26 25 30 18 07 -01 17 28 12 17 13 14 23 19 06 -01 26 29 11 15 06 -01 30 -01 12 09 27 23 17 14 21 14 12 34 20 20 15 10 06 30 12 -01 -01 18 29 31 34 09 17 -01 20 28 10 20 -01 -01 22 13 24 09 24 35 18 26 32 34 14 -01 -01 31 -01 34 20 -01 00 
